41 75
15 78 0 0 20 94 82 65 0 98 0 0 0 0 84 81 88 0 10 19 0 0 91 0 0 97 82 0 0 0 10 11 0 0 35 14 0 0 0 48 62 12 0 0 0 0 0 93 30 0 82 0 0 10 0 0 38 0 11 0 0 0 63 0 0 0 0 17 38 0 0 0 0 66 0
0 34 30 0 83 29 92 0 0 0 0 66 37 0 0 46 0 0 0 0 0 0 31 61 0 0 0 39 0 0 11 0 94 69 0 0 0 7 0 0 0 0 0 0 0 0 0 0 43 0 81 0 37 33 0 0 0 0 55 0 0 64 0 50 56 62 0 0 23 68 0 35 0 52 0
0 91 7 64 0 22 0 0 0 10 75 0 0 0 85 0 0 40 14 0 9 75 0 4 99 0 0 93 0 0 84 0 0 0 100 0 0 0 0 0 0 0 8 15 0 21 0 40 0 0 21 0 0 71 2 4 0 60 0 0 0 0 0 80 0 55 51 0 0 0 0 0 0 0 30
0 0 0 16 0 0 0 0 0 13 0 8 0 1 0 17 0 0 80 0 0 0 0 0 0 0 0 0 16 0 0 0 0 0 33 49 0 0 58 2 0 0 1 0 87 9 0 18 0 0 76 0 93 0 0 0 0 0 0 36 20 92 56 19 0 0 0 0 32 0 0 0 52 0 54
0 2 0 0 69 0 28 70 0 0 84 11 45 88 0 0 0 0 0 0 0 40 56 0 31 29 0 29 0 40 30 100 78 0 0 5 0 0 42 0 0 4 0 92 37 57 0 0 0 32 0 56 0 0 0 43 0 0 59 0 0 0 0 0 25 26 0 0 74 0 77 0 0 0 0
0 0 0 48 0 0 0 0 0 42 0 24 0 72 0 53 0 0 66 34 31 0 0 33 0 0 39 27 26 0 0 7 0 0 86 0 0 76 0 0 0 55 92 0 0 45 0 0 86 26 0 2 0 0 17 0 0 0 98 0 0 37 98 0 0 0 0 0 0 0 77 0 49 85 4
0 0 0 0 0 0 0 0 98 13 27 57 77 0 98 0 0 0 0 0 90 0 0 53 0 6 0 0 0 68 10 0 0 10 0 0 4 100 0 46 0 20 0 0 0 0 35 0 85 73 0 23 0 0 82 0 12 0 45 0 61 0 4 41 10 0 92 0 0 74 0 0 0 0 70
0 44 0 15 0 26 0 0 0 91 0 0 0 27 0 0 0 0 0 86 0 48 0 89 0 56 31 0 26 0 0 0 0 41 0 0 0 12 0 65 59 0 0 0 0 93 0 0 0 0 76 0 0 0 0 0 28 0 35 35 51 0 0 0 17 93 0 0 11 10 0 9 0 0 99
0 87 0 0 0 57 57 0 0 0 21 0 0 0 0 84 29 0 0 7 0 0 0 67 0 0 0 96 88 0 0 0 79 79 0 0 0 0 42 89 28 0 0 0 0 51 7 91 0 0 0 52 0 0 78 32 81 59 95 9 0 0 13 13 0 0 0 0 0 0 37 73 0 49 0
0 0 0 0 0 0 0 0 39 0 0 5 0 0 0 0 90 67 0 33 0 92 0 0 0 98 0 0 0 88 0 0 0 0 0 0 0 0 0 0 0 0 37 11 0 0 0 0 0 99 0 0 0 0 0 0 0 14 76 74 0 54 0 12 0 0 0 0 0 33 0 0 0 0 0
0 85 83 59 32 17 0 0 79 0 57 0 0 31 15 0 44 0 0 0 0 19 0 5 0 0 57 70 5 0 27 0 0 0 0 81 80 0 69 60 36 0 0 0 0 13 0 0 0 62 0 40 20 52 88 0 0 0 0 18 0 0 6 84 0 0 92 9 0 0 58 0 0 42 0
0 0 0 0 28 0 54 61 0 42 0 41 0 87 0 0 0 0 86 0 0 0 42 0 52 0 0 0 0 96 63 0 0 35 0 0 95 0 0 3 0 42 2 0 72 0 0 0 0 0 0 0 14 0 45 0 64 0 47 0 0 0 44 0 13 0 0 0 64 0 0 0 0 0 0
78 0 0 4 96 42 80 0 45 0 49 83 0 0 0 0 11 0 0 14 52 0 55 7 47 1 0 0 0 0 0 88 0 66 0 0 0 0 5 67 16 0 97 71 26 8 63 0 9 0 0 0 56 0 70 87 36 0 42 0 74 0 0 0 0 0 0 62 0 0 20 28 0 0 0
89 95 0 0 0 0 0 0 0 0 0 63 0 0 0 0 39 95 0 11 27 0 0 0 0 54 48 0 45 0 0 46 85 57 0 0 42 0 0 77 0 0 74 0 93 22 8 0 17 94 24 53 0 18 0 81 0 0 52 68 39 0 0 92 28 6 0 0 11 0 0 60 0 26 0
0 0 0 0 0 8 0 78 0 34 76 0 0 17 78 62 0 64 0 81 0 68 0 0 0 0 0 42 0 67 0 0 34 28 32 22 23 99 0 0 0 0 0 0 0 0 34 0 0 18 58 2 0 63 0 0 0 27 0 5 0 0 53 0 0 30 60 47 0 40 0 0 80 45 0
56 0 0 0 8 0 63 0 87 0 0 0 71 0 94 47 0 0 0 67 26 39 6 48 2 0 0 0 0 0 99 0 67 0 0 0 74 0 0 0 90 0 82 68 42 55 88 0 69 37 99 0 0 0 5 0 4 0 0 100 95 0 29 0 0 0 2 93 67 45 0 60 85 22 0
0 0 49 0 0 0 0 6 49 0 33 0 0 0 0 22 0 0 9 94 93 0 95 0 50 0 87 75 0 29 39 0 0 0 0 77 0 0 95 0 0 58 0 75 0 0 9 74 0 0 0 0 0 0 0 0 0 59 95 77 89 58 22 0 0 0 0 0 60 0 99 0 88 17 0
0 0 7 90 100 22 53 0 0 39 0 0 0 0 10 94 81 0 0 0 0 54 0 0 38 0 0 97 0 96 41 0 30 37 0 0 0 0 0 59 0 0 43 0 24 84 0 48 0 0 65 0 9 44 0 0 0 0 0 0 0 78 61 0 0 89 1 81 0 0 0 34 0 22 0
0 0 81 0 35 0 43 25 0 0 19 0 72 0 36 4 0 0 70 94 0 0 0 0 0 0 96 2 0 0 0 0 0 0 0 0 27 84 0 0 49 0 65 0 13 89 72 97 0 45 0 0 45 0 0 0 13 0 99 0 0 100 0 0 0 0 0 0 13 0 0 0 0 0 0
47 0 0 0 0 0 0 13 0 0 0 0 31 0 29 56 0 31 0 58 6 0 0 100 43 0 92 35 0 16 17 0 66 87 0 17 56 94 0 0 0 0 58 0 0 0 79 0 31 0 0 0 0 0 0 0 0 0 75 0 0 0 0 0 92 20 5 42 0 0 28 76 0 48 0
79 0 21 0 0 7 76 0 0 0 0 78 60 0 0 0 7 0 0 65 49 15 0 2 0 3 0 0 0 0 0 0 70 0 0 20 37 65 0 0 0 0 0 0 81 0 35 71 0 0 0 98 0 30 0 0 0 34 0 0 69 14 48 37 0 0 78 94 0 0 0 27 95 73 0
84 0 0 0 0 0 0 0 86 86 82 0 0 41 16 0 0 0 51 0 70 78 59 0 0 46 0 0 67 26 0 0 24 0 0 0 0 0 64 19 0 71 0 0 0 0 0 76 0 98 0 0 0 35 0 0 0 18 56 0 0 0 0 0 51 0 0 3 33 0 0 0 0 55 0
0 14 58 66 48 69 2 0 0 0 0 89 0 0 0 0 0 0 0 0 0 0 0 0 0 6 0 39 0 0 0 67 95 0 0 81 0 0 53 0 46 77 0 95 0 41 0 0 87 0 0 0 0 41 0 45 0 85 43 0 0 0 0 0 43 0 0 81 0 0 10 84 93 0 0
3 0 0 0 0 0 0 0 61 0 0 0 98 0 9 97 0 4 0 0 28 0 94 45 0 83 0 84 0 26 37 0 0 0 0 2 76 10 0 0 0 0 61 0 91 0 0 41 14 0 0 73 0 63 51 67 0 0 67 0 0 0 0 88 56 0 4 0 89 0 16 0 29 76 12
0 14 85 2 0 33 0 22 0 0 0 0 0 0 1 23 93 0 0 0 0 55 60 0 0 0 0 0 42 27 0 88 64 68 0 0 0 18 0 31 74 0 39 0 51 0 0 0 0 0 0 0 0 0 0 94 22 82 23 38 98 0 0 0 50 0 26 0 62 0 86 0 76 0 82
66 4 0 0 0 0 0 0 58 0 0 0 0 97 75 0 94 50 0 84 0 6 0 2 0 0 39 31 47 0 0 0 0 92 83 32 58 0 60 14 85 23 38 0 38 0 0 99 11 69 0 53 45 0 76 0 0 0 0 0 0 23 0 96 0 0 0 0 48 0 0 14 74 0 0
0 38 0 75 14 0 0 0 59 97 0 0 0 0 0 0 64 0 0 0 0 5 0 0 67 85 0 0 0 0 61 0 0 50 0 91 0 85 76 0 0 0 0 0 0 0 0 0 0 0 0 33 0 0 66 21 69 55 37 64 1 0 0 0 85 64 68 0 8 0 0 53 87 0 5
0 55 0 0 0 50 0 0 21 79 31 61 100 0 13 0 0 0 89 62 0 0 0 98 78 8 13 0 83 0 66 0 0 18 100 0 0 0 0 0 0 0 61 0 0 0 0 23 2 11 0 0 54 45 98 60 64 0 0 0 98 0 74 48 0 0 0 0 0 55 0 54 0 0 5
0 0 52 0 0 0 40 0 6 71 0 0 0 31 38 100 0 31 59 82 32 0 62 11 0 33 33 0 0 61 0 0 57 15 95 0 0 0 0 0 0 0 27 77 0 0 0 0 0 0 80 21 26 0 12 86 7 0 22 28 0 18 0 59 0 0 59 0 0 70 37 92 0 94 28
32 0 0 0 0 57 0 0 68 66 42 12 61 0 95 87 0 4 0 0 0 31 0 92 37 0 86 98 18 0 96 0 22 63 0 77 27 83 0 0 0 0 0 0 0 94 81 0 13 30 23 78 0 52 0 23 0 0 4 31 0 0 0 0 0 10 0 83 0 42 94 66 0 68 0
0 91 0 95 0 0 0 0 0 0 0 0 0 0 0 0 0 0 0 0 0 0 0 0 19 59 0 0 0 0 0 0 38 0 0 0 19 0 0 0 0 0 71 0 23 0 0 0 0 0 11 0 71 87 0 24 0 8 0 0 0 11 0 73 54 81 90 0 11 14 0 0 65 33 52
0 70 0 0 0 87 86 45 0 41 0 0 50 79 0 0 0 57 0 65 0 91 0 16 0 0 0 98 39 0 64 0 0 0 0 0 0 55 67 0 16 5 0 41 0 1 0 0 33 0 5 0 0 0 0 0 0 0 0 0 0 68 0 0 7 0 0 0 0 25 97 0 0 0 77
83 0 0 63 0 0 0 0 0 0 0 12 41 0 0 51 0 0 0 0 0 0 63 0 0 0 0 0 42 95 43 0 0 0 0 0 0 0 13 0 0 98 0 0 51 15 56 0 54 0 36 36 2 70 0 36 45 0 92 0 0 0 87 0 0 0 27 0 52 0 0 0 0 0 0
0 50 0 0 0 94 88 0 5 56 0 86 0 66 0 0 0 30 0 0 0 40 84 0 84 0 0 14 0 0 61 92 99 0 0 0 81 0 0 0 0 0 0 0 0 0 0 0 0 4 0 58 67 28 85 30 0 0 11 0 0 0 0 100 0 0 20 0 0 41 4 0 95 0 95
0 0 0 0 0 0 0 0 88 84 0 58 0 43 0 0 18 0 37 0 57 0 0 47 35 0 0 0 0 98 0 0 0 20 3 29 0 0 0 59 1 0 0 0 0 0 0 0 0 0 0 0 0 57 77 21 30 21 0 0 0 84 0 74 29 0 0 0 75 0 73 0 9 28 0
0 0 0 86 0 0 2 86 0 28 0 0 84 73 0 0 94 9 15 0 0 12 0 0 81 0 12 50 0 0 28 0 0 0 0 0 86 0 36 3 0 0 0 0 0 95 67 0 39 0 14 0 87 5 19 92 0 75 80 88 0 0 0 19 54 0 39 100 68 76 0 0 0 16 0
0 0 44 0 0 22 20 25 0 0 31 41 0 70 0 0 0 50 11 0 19 0 0 0 0 0 0 59 0 82 24 61 0 0 0 0 0 0 0 0 96 0 0 23 0 90 0 89 0 0 0 0 0 28 20 0 65 67 0 0 0 0 0 0 60 0 77 0 50 0 32 89 0 0 0
0 0 61 0 0 0 0 61 0 92 7 0 0 13 0 0 0 50 0 0 0 0 97 0 35 0 0 0 93 0 0 0 13 0 0 54 53 91 0 0 0 85 96 0 0 51 0 0 0 0 0 0 0 0 77 28 88 0 0 18 0 0 0 0 47 93 0 0 98 0 0 0 0 76 0
0 0 31 18 77 74 94 8 0 0 0 0 0 15 0 0 93 18 0 0 32 0 5 0 0 25 0 0 0 0 0 69 0 1 0 29 99 6 0 0 0 49 73 0 50 0 30 47 0 2 0 0 46 0 50 8 33 0 0 1 50 0 0 72 59 0 0 0 0 70 0 47 0 0 86
0 0 0 48 0 0 0 0 0 0 0 0 0 0 0 0 19 15 0 16 75 0 0 80 48 79 0 0 0 0 42 0 0 0 0 0 10 0 4 0 0 0 98 53 0 83 31 0 1 0 0 0 47 66 0 0 0 40 0 0 0 33 0 0 0 0 32 0 63 96 80 0 0 0 99
50 34 0 22 8 0 0 46 0 0 58 0 0 0 0 69 48 0 61 0 0 75 28 0 0 31 44 0 0 78 0 0 28 0 78 0 0 38 0 38 16 0 0 59 59 0 27 0 0 58 70 82 57 80 13 94 34 0 0 0 36 87 0 0 0 0 0 0 0 23 0 58 89 58 0
