27 30
0 0 14 19 0 70 0 0 67 38 0 51 75 86 0 63 0 99 25 0 63 0 0 0 47 0 0 0 40 0
0 0 39 92 0 0 12 0 21 10 0 70 38 0 0 57 3 0 0 46 0 11 41 0 0 0 53 0 0 99
75 87 0 0 0 0 77 0 77 0 73 0 65 0 0 0 0 24 0 0 78 47 0 0 0 13 0 0 0 79
14 0 0 27 0 99 0 43 75 89 63 88 62 0 61 0 0 28 0 0 0 1 0 0 0 0 0 100 0 0
0 50 0 0 0 3 0 70 0 0 76 0 0 57 0 0 0 61 0 0 0 0 0 0 74 0 0 96 0 0
0 98 0 0 0 78 72 0 73 0 0 77 0 46 0 0 67 0 76 0 0 90 0 0 0 59 0 16 0 7
0 22 95 57 32 0 0 0 0 0 0 6 0 0 0 0 0 0 0 0 30 0 0 0 90 0 37 0 0 0
97 0 3 39 79 53 9 0 0 14 0 43 0 0 0 0 53 0 0 43 0 29 0 0 0 0 0 0 0 0
0 0 70 0 0 92 4 0 71 0 44 0 0 0 93 0 0 0 10 26 41 0 0 0 82 79 0 79 100 0
0 36 45 58 91 0 72 0 0 0 0 48 24 0 0 80 96 93 0 0 16 0 0 0 43 0 27 34 0 0
41 0 0 0 0 0 0 0 0 0 0 24 0 0 0 0 48 0 0 23 0 59 0 16 61 0 88 26 0 29
30 0 95 0 0 41 0 78 56 0 0 0 84 54 0 0 0 0 91 0 69 0 93 10 64 0 0 0 0 90
0 83 57 0 0 20 28 0 16 0 82 0 10 84 58 0 0 0 0 82 0 44 75 19 92 78 0 0 0 0
0 0 58 0 42 0 81 0 38 26 0 0 0 24 0 59 0 59 27 0 0 18 0 0 65 0 0 0 0 100
37 0 0 80 55 0 0 95 91 60 98 0 0 33 0 41 0 0 0 56 0 66 0 0 87 0 0 0 0 61
68 46 20 0 0 0 0 0 0 0 94 0 0 86 51 66 53 59 0 0 54 70 36 0 70 9 0 0 84 0
0 0 91 14 74 75 0 0 0 56 42 59 0 6 0 0 0 0 35 0 64 0 0 0 0 75 0 70 0 0
0 0 0 0 98 0 43 0 0 64 41 0 0 0 0 0 0 0 45 0 0 0 0 0 66 46 0 0 0 0
7 0 0 0 0 75 0 0 0 0 0 64 0 13 0 0 0 0 35 0 4 54 0 6 9 40 95 0 0 83
0 0 0 90 0 66 34 0 0 98 68 0 26 89 0 0 44 0 17 0 0 43 83 0 65 0 0 81 100 0
0 0 0 0 0 1 89 0 60 0 0 0 0 0 0 22 0 0 64 0 0 0 13 51 0 0 0 0 45 67
0 0 0 37 0 0 0 0 25 58 0 0 44 83 0 95 85 0 39 0 0 0 0 4 0 0 58 0 0 85
0 0 0 26 0 0 3 0 52 62 0 0 0 34 0 0 98 11 0 69 0 0 0 0 0 61 88 71 0 6
16 0 49 74 0 0 0 0 0 0 0 9 0 67 80 83 0 0 0 0 9 0 0 0 29 0 76 0 0 0
0 0 0 0 0 0 53 0 0 0 73 0 8 0 0 0 0 15 0 0 49 0 0 0 0 0 0 0 0 0
0 0 35 99 0 0 0 0 0 0 96 0 12 0 0 0 0 20 0 23 0 51 0 0 0 0 0 70 88 0
29 0 0 0 0 7 97 0 0 100 81 90 0 0 0 9 71 0 0 0 0 95 0 0 0 42 0 0 5 0
