100 100
0 0 0 98 0 0 0 0 0 0 0 0 0 52 0 29 0 0 27 0 0 0 0 87 0 0 0 12 44 56 76 0 0 0 27 0 0 0 0 0 78 0 0 0 0 9 30 0 0 0 87 6 49 27 25 73 29 83 0 0 0 0 0 64 0 0 8 0 0 86 64 1 87 90 0 0 0 0 0 0 0 0 30 0 0 0 0 0 0 0 0 0 0 0 0 74 18 0 14 56
0 57 0 0 67 0 87 0 94 0 40 0 0 0 50 0 20 83 0 0 44 0 0 0 0 64 79 0 39 83 0 8 69 0 0 0 0 0 64 7 0 0 78 53 24 42 52 0 0 0 0 0 0 0 0 0 0 0 0 0 29 0 0 99 0 0 0 0 0 24 60 55 53 9 0 91 0 75 0 0 88 46 0 0 0 0 0 0 68 83 0 33 0 0 0 34 0 0 0 0
1 0 0 0 0 0 53 0 0 52 0 78 76 0 0 0 0 68 0 0 0 53 0 0 0 31 5 0 0 93 0 0 0 0 36 0 0 93 29 0 0 57 0 0 0 45 0 0 0 4 0 8 45 0 0 0 42 0 0 15 3 0 46 0 5 0 0 46 0 0 0 35 0 97 0 0 16 27 0 7 0 18 56 0 0 0 0 0 89 0 0 26 0 72 0 0 0 0 65 76
0 47 0 0 68 0 0 0 0 39 0 0 0 0 89 0 0 0 0 45 0 69 2 0 0 0 53 94 0 0 66 51 0 80 0 0 91 10 83 84 0 5 0 34 0 4 0 0 0 0 45 0 0 0 0 46 0 0 47 0 47 49 0 82 0 0 15 0 0 0 92 81 63 0 0 85 0 0 14 65 0 0 0 0 23 55 0 0 0 0 0 0 0 0 0 0 0 13 0 0
62 0 0 0 32 0 16 42 0 0 0 0 25 75 71 50 78 50 0 0 62 13 99 0 36 0 0 93 58 0 0 0 0 17 0 0 0 26 42 0 0 43 0 0 0 0 76 36 83 18 91 0 0 61 0 45 0 13 0 8 31 0 0 55 96 0 2 0 38 0 76 0 0 0 55 0 0 0 36 0 0 0 79 0 59 0 0 0 0 54 0 96 0 0 94 35 0 20 0 31
0 46 0 0 0 1 10 0 0 46 34 0 0 0 45 74 0 0 0 0 0 0 0 0 0 0 66 90 0 0 96 0 0 75 0 33 0 0 81 78 50 0 0 12 0 0 0 93 0 95 0 67 97 0 0 0 0 96 0 42 0 0 92 0 0 0 27 0 0 64 0 0 0 47 0 69 0 0 0 0 96 0 0 0 0 51 0 74 24 0 0 1 0 0 99 96 12 30 0 0
0 0 0 0 46 0 0 4 0 0 61 0 0 73 0 0 0 0 33 0 91 23 91 0 0 30 0 22 0 0 47 0 0 0 0 0 0 39 0 24 2 0 0 0 79 76 80 45 0 69 24 0 0 0 62 0 25 0 0 36 0 0 0 0 100 75 0 45 0 0 55 0 0 0 0 0 0 82 0 0 0 0 28 0 0 0 0 0 31 56 0 0 0 91 0 0 0 70 45 60
40 21 91 89 0 0 0 0 0 75 87 0 50 45 65 8 0 0 83 22 0 0 0 0 0 29 66 0 0 48 0 36 0 0 0 0 0 0 92 0 0 0 0 57 0 96 0 0 54 0 0 21 98 90 0 0 0 97 0 0 9 0 81 0 0 40 1 0 0 0 11 75 0 27 81 0 0 6 0 0 0 0 0 0 0 0 44 0 42 32 0 0 0 0 21 0 0 0 75 0
45 0 0 44 0 41 0 15 15 0 0 0 5 0 0 64 90 0 74 0 45 78 0 29 58 0 0 0 17 92 0 0 100 41 0 0 0 0 0 0 70 22 55 0 0 17 66 0 13 0 0 0 0 98 0 0 63 0 0 0 69 36 85 0 0 0 86 84 48 66 0 0 0 20 11 0 0 0 25 0 58 0 9 18 0 0 0 75 0 0 56 15 43 0 0 0 0 96 80 0
0 0 0 67 81 0 0 39 16 0 0 99 0 30 0 0 0 99 40 0 69 0 26 0 24 76 0 0 0 0 27 0 0 5 0 10 0 19 37 0 0 67 0 9 86 0 0 0 0 0 78 0 0 0 0 16 30 0 0 0 0 0 4 21 0 59 0 0 0 0 0 0 7 0 0 2 50 19 0 0 0 31 0 65 0 48 0 0 0 54 68 20 0 0 0 96 85 98 0 0
0 8 66 97 77 0 41 42 0 0 41 0 57 0 93 35 52 0 0 0 0 0 36 0 41 50 0 0 0 0 0 0 0 15 0 55 0 0 0 24 14 0 95 0 0 0 49 75 17 0 0 0 100 0 0 0 86 0 78 0 61 0 0 0 0 97 24 0 96 0 86 29 0 0 0 91 0 40 0 14 35 6 27 0 0 94 99 0 77 92 26 15 0 0 85 0 0 64 83 0
18 0 62 0 85 78 27 0 0 56 0 90 0 43 0 37 35 0 65 0 0 91 0 0 0 0 0 0 21 0 0 0 0 74 0 0 82 8 57 0 8 65 0 80 0 0 0 0 62 0 0 0 0 53 0 0 59 0 0 0 0 42 0 9 62 23 48 5 0 39 49 25 0 0 0 50 9 0 25 0 0 0 0 99 0 0 0 0 0 0 36 0 100 0 82 100 76 0 0 90
0 0 0 96 0 79 0 45 0 0 0 0 0 0 0 70 29 26 67 0 0 0 0 0 0 73 0 0 0 53 92 74 0 69 0 84 0 0 81 53 33 86 0 0 51 0 75 21 26 0 0 0 0 0 48 10 0 0 74 0 0 6 0 100 0 36 13 0 0 28 15 0 0 0 0 7 0 0 0 49 8 54 49 99 71 0 4 69 73 0 0 0 39 0 0 74 23 29 0 0
0 0 0 0 0 0 0 28 0 0 78 0 0 0 57 0 0 6 41 21 0 0 0 0 0 0 0 0 0 0 0 50 0 0 59 0 0 0 0 35 0 42 10 79 0 0 0 0 0 4 79 13 0 0 95 0 0 93 100 0 0 0 0 0 0 0 11 0 54 0 0 43 64 0 0 0 15 0 29 0 0 0 39 0 19 53 76 29 0 0 0 40 56 5 9 15 84 0 31 53
0 41 0 0 0 36 0 0 51 90 0 66 0 0 0 0 0 0 0 0 0 24 0 0 15 0 43 23 0 0 0 86 57 0 63 0 0 83 93 66 0 0 69 0 0 0 70 0 0 0 66 0 5 74 0 0 78 18 0 0 81 54 0 0 88 93 0 0 0 0 0 0 0 0 52 62 84 58 98 37 0 80 53 0 0 0 76 0 18 0 0 0 0 0 0 75 0 0 3 57
0 61 0 0 0 7 7 0 0 38 0 70 53 72 22 0 0 54 74 0 13 5 53 77 0 0 0 23 0 34 29 58 57 0 43 91 82 0 11 1 0 0 24 67 0 94 0 35 0 0 0 0 0 51 0 0 43 49 0 0 85 0 0 0 0 0 5 0 84 35 0 0 0 0 0 0 0 65 23 0 26 0 0 0 82 0 0 0 66 0 0 0 23 24 0 0 0 0 0 0
60 0 0 0 0 83 0 0 0 89 85 0 0 0 0 0 46 0 72 0 0 0 0 56 0 0 0 0 0 39 0 29 0 0 0 0 91 0 68 0 0 78 24 100 0 39 0 40 76 0 78 0 44 0 100 0 89 44 0 0 0 0 95 0 0 0 1 0 50 0 0 0 0 0 0 63 0 0 0 0 0 85 0 0 0 92 0 0 0 3 0 0 46 61 0 0 7 0 0 30
0 0 9 45 0 1 0 87 0 92 0 13 0 0 0 39 0 84 0 65 6 0 0 0 0 30 47 0 0 0 79 0 0 0 0 63 0 52 0 0 0 14 0 0 0 18 0 0 40 0 0 0 41 87 8 0 25 0 25 0 18 0 0 0 0 0 48 0 0 61 0 0 0 0 0 0 0 0 0 0 0 0 100 68 13 22 0 0 0 0 0 67 73 52 10 28 60 0 0 0
20 72 0 0 0 0 86 0 1 99 0 0 0 0 21 0 80 65 0 83 0 40 15 6 100 0 0 0 0 86 0 25 0 0 0 46 0 0 0 0 2 32 0 0 0 0 0 72 24 0 27 0 0 0 0 0 0 54 0 0 0 0 0 0 65 0 46 41 0 21 0 95 21 69 0 0 76 0 17 0 0 22 53 6 66 39 0 3 0 0 0 3 0 0 0 78 0 65 0 67
0 0 0 0 30 0 0 0 0 0 0 0 0 0 0 89 0 0 25 28 0 0 33 23 16 0 0 60 0 0 70 58 0 0 0 59 0 50 27 51 64 0 22 66 0 51 0 0 29 7 36 17 65 0 0 0 70 0 0 95 0 0 53 0 56 0 0 0 0 0 84 0 0 42 0 0 23 0 0 53 0 0 0 43 0 48 50 60 0 0 0 79 90 73 0 0 0 24 0 0
0 0 0 0 71 78 32 91 0 67 0 0 0 99 0 0 0 0 27 59 0 15 81 0 13 0 42 0 77 0 0 0 0 47 0 0 6 93 0 0 0 0 0 80 0 30 89 0 43 0 84 95 0 83 48 8 56 11 75 29 22 6 64 0 61 70 0 56 74 21 0 38 0 100 0 10 0 0 0 0 0 0 73 65 0 0 6 0 0 76 89 0 0 0 0 0 43 46 91 0
0 0 11 67 0 0 0 0 8 13 0 0 0 0 95 41 0 0 0 0 0 0 0 58 0 61 0 0 11 16 2 0 0 0 0 0 0 0 29 0 0 0 57 0 0 0 1 0 0 0 92 0 0 99 79 0 3 0 0 0 8 27 0 0 97 27 25 0 0 51 0 0 41 62 37 46 0 96 0 0 0 0 0 0 0 37 0 0 0 63 0 25 0 0 57 0 0 2 0 0
0 12 66 0 80 51 80 0 5 0 0 0 4 82 42 0 34 31 61 59 1 0 86 0 0 0 0 0 69 0 0 0 45 0 0 0 0 0 0 26 0 89 0 0 24 56 0 0 1 0 39 0 20 44 27 36 67 0 85 0 4 0 67 95 2 68 82 0 0 0 91 0 0 0 0 98 0 0 1 45 0 0 0 0 98 0 0 0 84 0 34 0 0 26 0 30 0 0 81 82
11 0 38 32 0 41 0 0 0 0 67 88 23 14 0 13 0 0 2 0 20 98 0 72 0 24 89 0 0 0 0 0 0 0 0 0 0 0 55 41 0 0 95 0 0 71 76 0 0 0 0 91 0 0 27 31 11 31 0 0 0 0 0 0 0 58 0 59 16 0 0 70 0 85 0 41 47 0 89 0 0 0 0 0 0 0 0 0 5 0 39 0 0 0 71 68 8 0 0 0
64 0 22 95 0 0 0 0 94 37 13 0 21 0 14 0 30 0 0 8 2 0 0 16 24 0 39 0 0 0 0 0 41 0 0 78 0 0 84 32 0 0 0 0 0 0 0 0 0 0 75 0 0 84 52 13 0 94 0 71 77 0 0 0 0 0 75 0 59 34 0 52 0 43 18 0 0 0 50 0 0 100 0 0 40 32 0 0 0 0 0 63 52 75 0 27 0 0 0 0
0 76 0 20 55 0 68 0 0 0 0 48 97 0 0 93 61 43 100 0 0 0 99 0 58 0 0 12 74 0 0 0 12 23 41 0 16 34 2 0 19 0 0 0 96 0 88 0 64 0 0 94 59 0 0 0 0 0 35 24 0 35 0 0 0 84 0 0 0 0 19 16 0 0 100 25 0 0 0 54 5 44 0 9 0 0 0 0 31 0 0 14 0 0 0 0 0 0 0 0
0 35 0 0 89 0 0 0 0 0 70 0 59 11 0 0 47 0 0 0 91 31 0 0 18 0 0 0 0 0 0 0 13 0 0 0 58 5 21 33 31 0 0 0 15 0 26 0 73 43 0 0 0 26 68 0 0 0 0 4 0 0 53 0 43 0 0 0 0 0 0 93 0 0 94 0 53 0 0 6 0 66 82 76 41 48 0 0 0 0 69 0 0 0 0 11 0 0 95 67
0 90 34 0 0 0 0 19 0 0 51 0 0 0 0 95 66 0 0 0 0 0 78 27 0 0 0 0 0 0 20 0 0 49 21 0 39 0 0 0 65 10 0 0 0 44 0 0 0 0 0 84 34 66 0 0 24 0 0 0 0 37 56 0 42 2 0 0 100 0 0 7 77 0 90 0 37 88 57 85 15 42 63 0 0 0 0 40 0 0 5 0 99 5 0 0 0 0 0 0
0 53 93 89 61 0 81 11 1 38 21 44 0 15 0 54 0 0 0 0 0 27 34 54 8 0 16 88 60 0 20 0 0 96 85 6 0 0 0 0 0 15 75 0 66 41 40 0 43 0 71 0 10 0 8 70 0 0 95 0 9 74 64 0 0 15 61 59 0 0 5 0 0 0 79 26 0 0 0 0 0 0 4 0 0 0 0 0 0 0 96 56 0 53 0 94 0 0 0 0
79 0 0 68 3 0 0 83 28 0 0 0 0 59 0 100 81 78 0 0 0 0 0 0 0 87 90 0 0 36 0 0 70 99 68 0 0 0 44 0 0 55 24 0 0 0 0 0 0 27 49 81 0 0 0 0 0 75 33 0 0 0 41 0 0 77 0 89 0 0 14 0 28 96 0 0 0 0 4 38 0 0 0 0 0 73 39 0 0 0 0 0 0 84 87 0 0 0 0 0
0 0 0 0 30 96 96 38 7 37 0 5 0 0 0 71 0 0 0 0 0 0 28 0 21 0 0 5 0 0 0 0 0 0 0 98 0 63 0 0 98 9 11 0 17 80 0 74 36 0 0 0 0 0 0 0 0 0 0 48 83 0 0 0 0 75 85 0 91 0 61 0 0 64 95 0 0 0 77 34 79 0 0 95 6 3 0 77 0 0 0 0 66 0 0 77 0 0 0 0
0 0 0 0 0 0 0 0 69 0 0 0 0 0 39 60 3 0 0 0 0 25 0 89 36 0 0 42 0 0 35 74 0 0 26 10 0 0 0 20 48 91 52 0 0 0 88 0 0 44 0 79 0 93 77 0 0 94 0 76 39 25 13 53 0 0 0 0 47 79 81 97 65 0 35 0 41 0 0 0 32 0 0 0 0 66 48 3 0 77 0 0 88 81 0 39 0 0 12 0
0 0 35 0 0 0 83 65 0 54 82 0 0 0 0 0 0 33 0 92 4 0 10 0 0 0 0 0 64 0 42 0 60 0 78 83 83 0 68 22 0 0 0 0 55 85 0 0 5 14 0 19 0 30 0 0 76 0 0 0 65 1 0 6 73 51 39 0 0 0 0 24 95 0 26 80 0 0 40 69 0 0 46 0 64 41 38 76 67 5 0 88 94 0 93 0 68 0 0 0
15 0 0 60 0 0 0 95 0 74 0 0 14 0 29 0 64 0 0 0 34 90 0 0 0 0 70 0 53 0 89 0 9 0 47 0 54 0 68 0 37 0 76 5 0 83 0 0 81 0 0 0 67 0 62 6 67 0 0 0 0 82 29 0 29 62 0 0 62 0 49 0 0 0 0 0 39 0 60 8 94 25 0 57 0 71 60 0 0 52 0 0 28 0 0 0 45 0 88 0
0 64 79 79 99 0 0 0 0 7 0 96 30 18 0 0 90 31 19 0 94 0 0 0 0 65 4 0 0 0 0 49 93 0 42 48 0 0 0 0 0 91 0 0 3 97 0 0 0 58 31 35 0 0 0 69 0 69 0 0 0 0 98 0 0 0 96 64 59 88 37 0 0 58 84 0 8 0 0 70 70 68 0 0 7 0 59 18 0 57 84 0 0 40 53 75 0 71 66 0
0 62 54 6 48 0 1 0 45 0 75 0 0 98 59 30 80 0 0 0 64 7 0 96 0 0 0 0 0 0 0 85 61 0 81 0 67 12 0 0 98 0 0 0 0 0 0 0 43 0 0 41 0 37 0 35 65 0 0 65 21 0 0 12 0 0 0 0 26 52 0 31 3 0 22 0 18 0 0 25 0 0 0 55 0 0 0 0 0 0 32 7 46 0 0 0 0 9 13 0
16 41 46 31 56 25 44 0 0 0 0 0 31 0 0 2 0 0 0 0 0 36 15 0 0 0 0 0 0 95 0 31 0 0 0 0 0 0 0 0 0 18 0 92 37 0 0 12 32 59 87 53 0 68 48 0 64 0 0 0 0 0 98 59 92 0 56 21 42 0 0 48 86 83 0 0 0 28 0 0 62 27 60 87 0 0 87 0 0 0 98 0 36 0 0 0 95 37 0 0
0 0 0 0 0 13 0 62 0 0 0 57 47 0 0 0 0 0 0 0 0 4 0 0 0 42 57 0 0 0 100 0 94 96 0 0 0 0 0 0 0 9 0 27 0 0 29 80 0 49 0 43 0 0 0 0 47 0 0 45 85 0 0 0 0 91 80 0 97 0 24 0 0 0 60 34 0 0 31 0 0 40 81 0 0 63 47 0 0 53 0 45 0 0 79 0 0 65 27 0
15 45 0 26 0 0 41 74 9 11 0 16 4 0 0 0 0 35 17 0 85 0 86 17 99 0 26 86 16 31 60 90 11 0 0 0 35 32 0 30 0 55 57 0 24 99 0 0 0 0 73 0 0 38 0 0 0 51 0 61 0 92 0 0 0 73 0 0 43 78 0 80 0 0 92 0 12 0 10 0 80 0 0 0 0 97 0 28 21 0 80 26 0 0 64 0 68 0 0 64
0 0 0 0 96 0 0 0 0 0 14 61 0 0 0 0 0 39 8 0 0 0 0 35 0 95 0 0 0 0 0 0 22 0 30 0 0 6 72 0 72 6 0 39 0 0 0 75 16 0 12 39 74 22 0 27 0 75 0 0 0 47 0 79 26 0 0 0 62 0 0 25 62 28 0 0 0 33 85 39 0 0 32 0 34 0 0 0 0 81 67 0 0 0 0 0 75 100 0 0
31 0 0 0 0 49 0 0 49 0 25 38 0 58 0 0 39 14 39 36 0 3 82 0 0 0 0 96 50 0 0 0 0 62 0 80 96 91 65 0 0 30 8 0 69 0 99 0 0 0 0 0 0 0 0 24 6 96 56 0 0 74 0 14 0 0 1 0 0 25 82 23 0 0 0 40 0 0 35 0 91 0 0 50 0 0 0 44 21 4 0 0 0 23 50 62 62 0 57 0
0 60 8 88 51 0 0 0 0 0 0 0 0 81 0 0 74 8 0 0 91 1 0 26 20 44 39 47 0 0 70 74 0 2 34 0 0 0 26 0 15 0 0 17 0 0 27 0 62 0 0 0 0 0 99 0 0 0 0 39 0 0 0 96 74 0 0 63 0 0 0 18 0 0 0 0 23 0 0 25 45 0 0 0 7 11 47 89 0 0 69 23 0 0 74 0 0 100 0 80
92 43 76 27 0 24 0 0 22 20 0 0 0 0 0 0 6 53 0 0 0 100 54 0 0 95 0 0 0 0 2 0 0 4 0 35 5 50 0 0 0 0 0 0 0 11 76 0 0 0 0 0 10 0 99 0 79 0 0 0 17 78 0 61 74 34 0 0 91 0 45 0 0 0 0 0 3 46 0 56 0 0 62 67 0 0 0 0 80 6 0 0 58 0 0 34 0 0 0 91
94 0 1 0 0 0 84 0 0 0 91 0 20 0 0 43 56 0 3 0 81 0 0 0 0 0 47 0 19 0 0 0 72 0 4 0 55 0 34 6 0 0 88 73 0 0 0 4 98 0 0 19 73 0 0 49 49 0 0 0 43 0 76 47 94 0 75 4 0 0 15 5 0 0 70 99 0 13 0 0 27 0 22 0 35 0 54 0 0 0 45 46 0 76 93 0 0 0 0 0
0 0 0 0 0 0 0 0 0 96 0 0 2 0 99 98 0 61 0 0 0 61 0 33 0 0 0 0 0 0 96 0 91 0 0 0 0 0 0 0 0 0 0 0 93 0 0 91 0 0 0 84 0 0 0 24 65 89 0 26 69 26 0 100 0 0 0 0 57 0 24 0 0 0 0 0 37 0 0 58 50 55 22 0 0 87 0 67 0 80 0 0 59 97 0 69 0 0 0 0
97 69 0 77 56 45 0 0 46 58 21 0 0 96 8 0 0 0 14 82 52 0 0 98 0 22 0 94 17 0 0 83 0 0 0 43 0 0 0 0 0 69 0 0 70 84 0 0 28 12 90 64 0 0 0 98 85 27 0 18 0 0 0 0 0 0 85 0 36 0 0 98 6 66 0 0 0 76 0 58 39 80 0 0 0 0 0 0 0 0 0 0 1 31 0 17 32 0 0 69
32 0 0 0 10 33 0 92 20 0 10 0 80 18 0 0 18 46 0 0 8 0 46 0 73 0 85 0 91 34 44 0 0 87 0 85 0 0 0 0 34 13 0 0 37 0 0 0 0 0 0 8 13 18 82 41 0 0 0 0 38 13 41 0 0 0 21 0 0 56 0 0 58 0 19 48 34 79 0 0 0 0 0 0 0 0 0 0 0 27 100 0 0 0 0 0 54 32 38 0
3 0 0 0 66 0 0 78 45 0 0 71 12 0 0 0 0 0 37 0 0 100 44 79 0 0 0 31 0 0 28 0 94 0 55 93 0 0 0 84 0 13 36 19 0 0 0 0 8 40 0 0 0 89 90 53 10 0 0 0 79 93 0 17 87 0 72 29 93 0 0 0 0 0 0 37 0 0 48 16 78 0 49 17 70 68 21 0 0 0 0 98 78 0 0 20 36 0 0 0
0 0 0 0 76 39 7 0 41 57 78 8 0 99 65 0 25 0 0 32 0 0 0 49 0 97 0 0 0 0 0 0 0 64 0 0 0 0 0 0 9 28 0 0 0 0 4 0 0 79 81 21 56 17 0 0 0 48 0 0 67 8 37 0 0 0 54 63 7 42 0 0 0 0 0 0 49 78 41 6 2 0 36 0 21 0 37 0 0 71 0 83 28 93 11 69 0 75 0 0
0 0 46 0 29 0 53 43 0 53 0 0 23 41 0 74 0 0 11 0 0 0 0 0 0 98 0 0 0 0 85 94 94 0 0 0 23 0 0 0 20 0 25 0 0 0 0 0 33 67 0 0 27 0 0 67 0 0 71 39 0 19 0 51 0 55 60 43 0 0 17 0 0 0 0 0 0 0 0 0 0 18 66 94 44 79 83 0 9 73 57 0 93 0 43 35 0 0 0 75
0 0 0 2 0 88 0 0 53 0 0 0 0 0 0 24 0 80 0 46 0 0 0 44 0 0 0 0 67 99 0 77 0 0 80 73 0 0 0 6 53 74 38 0 0 0 0 0 0 0 0 0 0 30 0 13 0 0 0 0 0 0 0 0 29 80 0 18 0 0 56 58 0 0 0 77 0 26 22 94 81 12 0 0 0 11 0 86 0 93 79 0 0 0 0 0 0 0 23 0
0 0 0 70 3 39 46 0 24 0 57 0 0 51 72 0 0 0 0 87 0 0 0 0 0 94 0 0 0 0 16 0 0 0 87 0 68 0 5 0 89 9 43 0 0 0 0 60 0 65 0 3 0 0 81 65 0 0 63 91 44 64 0 0 0 81 0 0 0 0 0 69 34 0 0 48 79 0 46 0 5 0 0 0 35 0 1 0 40 0 0 83 0 0 0 0 0 0 0 0
0 69 0 21 0 21 86 0 76 52 0 77 54 0 0 14 0 0 0 0 0 0 0 0 57 0 17 3 62 0 0 16 0 0 4 0 69 0 0 72 6 0 74 80 68 2 0 84 0 71 0 44 9 66 0 18 0 45 0 0 88 0 0 0 27 0 42 0 0 64 0 0 0 0 41 40 0 0 0 0 0 90 0 0 2 0 32 56 73 79 79 0 0 14 0 0 0 0 0 59
54 0 70 0 0 0 0 0 85 0 81 0 0 0 0 0 96 0 61 0 76 77 0 35 42 71 0 0 0 0 0 45 0 29 50 0 0 47 0 13 30 78 0 0 0 24 0 0 0 0 0 89 98 76 0 0 48 0 37 70 0 64 79 26 0 20 0 74 95 0 0 0 2 55 0 38 0 0 0 0 0 49 0 57 89 0 20 0 39 37 0 0 0 38 0 0 0 21 0 0
0 0 33 0 28 0 0 0 0 39 0 0 22 0 0 0 76 28 0 0 0 0 0 2 0 0 0 0 0 0 76 44 0 34 97 0 0 53 0 0 0 9 0 0 67 0 0 28 8 46 0 0 0 0 0 0 0 52 0 0 0 0 18 0 82 89 100 0 0 80 19 0 5 52 0 0 0 0 0 0 38 0 0 0 3 0 0 0 0 0 0 0 0 0 0 0 0 0 0 0
0 42 0 0 0 0 0 0 14 0 94 0 0 0 7 84 0 0 0 7 0 69 8 0 0 63 30 0 0 17 81 0 0 0 0 0 51 0 0 0 0 75 36 0 0 0 94 0 0 0 98 42 32 88 0 84 0 0 0 26 0 0 0 0 0 24 0 40 0 0 0 57 16 0 0 0 47 0 0 0 0 0 0 17 94 0 100 0 0 0 0 0 0 89 0 0 47 71 17 0
0 97 0 0 33 4 0 0 0 0 85 0 70 0 0 92 53 18 0 41 0 0 0 55 0 83 28 0 0 0 46 0 0 36 0 0 0 0 0 0 30 0 0 0 7 0 0 35 22 100 89 0 0 72 0 0 0 14 0 92 59 0 23 0 27 0 69 85 99 94 0 0 0 0 0 0 54 24 0 0 29 0 98 0 92 0 0 0 0 0 0 0 77 50 0 0 50 0 56 48
0 0 0 95 0 0 0 0 0 5 0 0 83 0 80 0 0 19 0 0 0 0 39 0 59 56 77 73 48 84 0 0 20 0 0 0 60 43 0 0 0 0 78 11 30 11 0 0 31 0 0 81 0 0 5 0 0 65 0 0 32 0 0 13 0 0 81 84 0 27 0 0 0 67 0 0 84 0 94 77 0 9 0 0 0 46 75 0 0 100 59 0 0 0 41 62 0 0 0 98
0 38 50 7 0 0 16 21 0 90 20 4 0 20 0 0 99 19 5 0 92 19 14 0 0 63 0 0 0 0 0 0 0 0 0 0 0 0 0 74 41 0 0 0 69 0 0 35 0 0 0 83 0 54 22 0 44 0 2 0 77 0 0 6 58 0 0 52 0 0 0 0 0 0 91 0 96 62 26 0 0 91 40 7 2 87 0 0 0 54 77 0 0 28 76 0 0 31 0 31
2 0 6 11 48 0 16 0 8 0 81 60 69 0 0 62 31 24 0 0 0 0 98 0 0 17 0 0 71 53 0 0 0 0 44 37 0 0 0 14 0 11 56 68 0 0 0 66 96 42 54 33 44 0 24 0 0 0 0 0 0 0 0 41 20 0 34 97 0 0 0 77 0 0 0 0 0 15 87 65 26 0 17 3 58 0 4 89 96 0 0 0 40 0 60 51 62 49 37 7
0 0 61 0 63 0 0 64 0 0 62 0 28 0 0 68 71 92 0 0 80 0 61 0 0 19 0 0 0 0 0 0 83 0 83 0 0 0 0 0 15 96 52 95 49 0 0 0 0 64 0 83 0 0 34 0 0 0 0 93 0 53 59 0 14 83 0 0 0 0 23 0 42 0 0 0 0 0 56 42 91 72 0 0 0 0 0 0 54 33 15 0 76 0 0 0 0 0 0 94
0 91 0 30 0 0 0 26 0 73 48 37 0 0 35 0 43 0 78 43 82 0 66 68 33 0 0 36 21 0 42 0 0 17 58 67 0 67 0 0 0 1 22 9 0 61 68 0 30 0 81 0 0 2 31 48 67 36 0 0 0 0 0 76 0 1 35 0 0 0 13 0 7 69 0 5 0 58 36 0 0 94 0 0 16 4 0 0 0 0 0 0 0 0 10 0 0 22 0 0
0 0 0 29 0 10 84 0 97 0 0 78 0 5 0 0 0 63 0 0 7 0 0 0 0 70 0 68 0 0 0 0 9 66 0 0 0 0 0 100 30 0 88 46 0 1 16 0 42 28 87 0 0 0 7 4 61 54 0 64 0 0 0 0 0 0 0 57 98 89 0 49 0 0 0 96 43 41 30 82 26 0 0 0 0 79 0 0 96 62 55 7 11 55 79 0 55 0 0 0
0 0 65 0 79 48 0 0 39 0 57 0 0 0 56 82 99 0 48 0 0 14 0 0 11 0 41 66 0 83 0 77 0 0 0 0 0 10 0 94 70 0 0 0 0 58 0 0 0 0 0 0 7 1 25 0 0 17 37 69 0 0 23 52 0 0 0 74 0 100 74 19 0 0 61 62 58 0 0 0 0 0 0 59 95 0 0 0 1 58 0 0 0 0 0 46 45 0 0 0
0 83 0 0 9 14 20 0 0 34 0 0 0 67 0 0 0 0 0 0 0 0 0 0 0 0 0 0 79 100 0 0 0 0 98 6 29 0 30 0 62 34 38 16 0 8 0 0 14 48 0 0 4 0 0 0 0 0 0 65 53 0 12 71 0 0 0 74 20 0 11 0 0 24 0 36 0 0 0 14 0 0 35 0 0 92 0 0 0 78 92 0 0 100 0 0 57 76 77 85
0 9 41 0 0 0 0 0 72 54 0 0 0 0 0 94 0 0 99 100 0 0 0 0 0 82 0 0 82 0 0 23 24 33 0 65 30 56 32 0 81 96 0 0 91 0 0 0 0 0 0 0 6 0 0 0 0 8 0 0 0 0 32 0 27 0 79 0 0 0 17 0 2 90 0 0 0 0 0 0 38 0 0 18 28 96 73 89 0 0 0 29 0 0 0 0 0 28 55 0
70 0 33 0 0 0 17 0 1 15 19 0 0 0 0 20 0 33 0 0 98 0 0 0 0 0 0 0 0 0 0 0 0 0 17 0 0 0 0 46 35 0 61 0 17 0 66 0 0 59 0 0 0 0 86 0 78 0 9 42 92 0 0 0 0 94 95 0 26 42 0 0 0 0 0 44 23 0 40 0 0 0 25 0 0 15 0 0 76 0 0 40 0 0 0 0 92 0 0 0
0 0 0 0 0 0 56 0 0 70 20 0 38 0 0 0 33 0 0 97 60 0 0 0 54 49 0 55 0 0 0 89 0 69 85 0 45 78 42 64 0 5 0 92 0 44 19 0 50 94 0 0 0 33 0 12 66 0 0 0 27 0 53 20 44 28 93 0 0 0 0 0 0 0 0 0 0 0 91 0 0 0 9 16 0 29 0 81 81 0 47 0 17 0 0 0 0 0 0 0
0 59 0 0 10 0 60 49 95 0 0 0 0 58 0 68 56 0 0 0 57 89 0 0 6 90 0 97 16 0 0 0 80 0 0 0 0 0 62 38 49 0 0 0 34 26 0 81 0 0 0 49 0 92 0 83 0 0 0 0 57 0 0 0 0 92 0 0 33 0 0 45 54 64 0 0 33 0 0 0 0 64 0 34 0 0 0 0 0 6 0 13 4 0 0 68 19 0 0 54
21 52 46 46 52 0 0 0 67 0 0 0 90 0 0 0 0 67 90 0 17 0 0 0 0 0 0 0 58 0 0 93 0 0 4 0 0 0 0 43 97 14 0 0 16 68 73 69 0 51 0 59 87 66 69 0 0 0 29 0 83 0 63 82 0 18 35 0 0 0 0 0 0 18 69 0 0 80 0 68 17 0 0 0 0 0 0 31 0 3 0 0 18 95 61 0 82 0 0 0
0 54 92 0 0 0 0 41 0 74 0 89 52 0 0 76 0 0 0 0 0 0 0 40 52 93 0 55 0 0 0 86 0 0 44 0 72 11 6 0 44 0 83 0 66 37 11 34 0 74 0 79 0 0 0 0 0 0 90 0 0 33 0 78 56 29 0 0 31 69 0 14 0 50 0 31 0 0 0 6 0 33 0 0 0 0 0 0 0 0 0 0 0 66 0 0 0 0 0 18
0 0 0 76 27 0 17 0 0 0 87 0 0 1 0 49 59 0 43 0 77 0 0 0 53 99 0 0 28 95 0 72 0 0 0 0 60 0 22 0 0 0 96 0 0 0 100 0 0 0 0 19 0 94 0 28 0 0 15 34 0 78 83 28 0 0 0 0 78 0 0 60 19 0 82 22 0 0 18 0 46 0 0 0 69 0 0 89 0 0 96 0 0 0 0 31 0 0 0 0
42 0 54 11 72 14 43 34 41 7 46 0 0 92 58 0 0 74 0 0 91 0 0 77 79 0 0 10 0 27 0 6 0 0 21 50 32 32 0 89 0 0 0 0 0 57 0 64 95 0 95 56 23 0 0 49 0 1 80 24 0 0 0 51 0 0 72 36 57 0 0 65 100 0 47 0 0 0 0 67 0 0 75 0 24 0 0 20 0 33 0 37 0 0 0 0 19 0 16 0
95 0 0 0 0 21 0 0 0 0 0 92 0 0 30 43 0 0 0 0 89 79 52 46 0 30 77 0 0 0 86 0 85 18 0 32 50 0 0 0 75 0 0 0 98 0 57 10 0 16 0 0 0 79 0 0 0 20 0 16 59 0 63 0 84 20 37 99 0 41 0 53 0 49 0 0 0 0 0 31 46 0 0 51 4 0 0 0 0 23 98 0 0 0 86 0 34 0 0 0
19 70 0 0 0 0 21 20 16 0 84 0 0 0 0 0 0 0 71 0 5 0 0 0 0 40 0 0 0 0 87 51 0 0 0 0 40 0 74 0 65 0 0 9 84 83 0 0 51 28 94 0 86 0 0 16 0 64 65 0 0 0 0 0 0 0 0 12 0 32 70 0 2 0 0 33 76 4 99 0 0 49 5 0 0 0 0 34 69 0 0 98 46 89 0 0 32 90 0 21
0 0 0 0 85 0 4 0 0 0 43 0 84 0 0 10 0 0 0 0 33 39 29 85 0 91 0 0 0 36 0 64 36 23 0 33 0 23 49 40 0 0 0 0 0 0 0 0 78 0 31 0 67 60 51 0 97 0 0 47 79 0 60 82 0 0 0 0 61 0 42 0 45 2 34 0 0 0 0 0 0 96 87 88 0 0 0 7 26 82 0 0 0 0 0 0 36 0 0 24
0 54 0 0 0 0 0 19 16 0 64 0 41 93 0 0 0 51 0 0 47 0 0 37 0 54 76 72 0 0 0 17 0 0 50 0 5 0 11 55 0 60 0 53 0 0 0 0 0 0 32 0 21 0 0 0 65 0 27 55 0 0 0 12 0 0 0 87 6 18 16 0 0 22 59 0 0 0 25 0 97 55 91 0 44 0 16 52 0 23 45 32 0 0 0 0 94 9 0 0
0 96 0 0 0 18 0 0 0 0 0 31 0 0 58 0 0 76 0 0 50 8 0 7 0 0 0 30 0 35 0 0 28 69 0 0 0 37 0 67 0 0 0 0 0 0 0 61 47 44 0 27 0 0 27 0 1 48 33 39 16 0 27 0 77 100 0 0 0 45 0 0 86 0 0 0 0 20 30 0 0 0 0 90 0 78 38 0 0 13 61 89 0 86 36 0 0 6 27 0
0 25 75 7 84 0 96 0 32 0 63 0 0 0 0 0 0 51 0 6 0 0 0 75 0 78 95 47 4 7 44 0 10 0 26 0 0 0 0 37 0 89 82 0 0 0 0 0 41 0 0 8 5 0 89 35 36 100 29 0 25 0 65 0 0 0 27 51 45 0 0 92 0 0 0 43 37 0 50 0 0 59 0 0 0 0 34 0 0 57 0 63 0 87 0 3 0 3 0 39
95 0 81 0 0 1 0 7 91 0 0 0 0 0 14 0 64 0 0 15 0 0 82 15 17 0 0 0 0 11 0 0 96 83 97 15 0 0 0 0 8 17 0 0 0 100 0 25 0 0 12 0 0 0 55 0 0 24 0 14 3 0 0 77 0 0 0 87 0 6 0 0 0 0 0 0 0 0 0 0 27 0 0 0 46 0 92 0 52 0 0 0 0 11 87 0 56 0 0 0
45 83 0 0 0 96 3 51 0 0 0 37 0 79 0 0 20 0 62 10 54 0 62 0 48 0 0 0 0 0 0 0 78 0 0 0 92 0 36 100 40 0 0 72 0 0 0 0 0 37 0 0 21 0 50 0 0 57 0 87 0 0 0 0 17 74 30 85 0 0 0 0 0 0 39 0 33 0 0 0 0 0 0 0 75 0 0 0 0 0 0 0 56 46 0 0 0 31 60 0
0 21 85 71 21 0 0 33 0 29 81 0 0 0 0 49 0 99 0 64 88 86 37 89 98 0 68 70 75 0 67 0 19 82 0 0 0 94 0 0 0 0 57 0 63 0 0 20 66 14 11 96 40 0 0 53 0 0 13 47 0 0 0 0 0 0 24 0 44 0 0 0 44 33 0 45 0 0 59 60 86 30 0 15 87 96 86 13 45 19 0 0 0 62 0 0 0 0 0 0
31 79 98 0 0 27 95 72 0 0 36 68 99 0 0 17 82 0 0 93 14 59 0 0 76 0 71 0 0 0 25 41 78 82 0 0 23 0 0 0 0 0 0 1 0 87 0 0 12 0 62 0 0 5 13 41 8 25 0 0 32 0 0 16 0 69 0 0 46 9 87 23 43 49 0 0 0 0 0 29 0 72 0 0 0 53 0 0 0 0 4 30 0 18 50 61 0 0 0 0
82 0 0 73 20 28 0 27 0 0 3 32 10 57 0 43 15 18 0 10 41 0 76 0 0 86 0 18 30 14 90 0 21 0 17 0 0 0 0 0 0 96 19 0 0 0 13 0 0 37 0 0 0 0 0 0 0 0 0 16 44 11 0 0 41 0 0 0 0 0 62 60 0 0 0 62 0 30 0 0 22 94 92 55 46 85 0 0 0 16 0 0 0 0 0 0 0 12 35 0
54 0 0 81 0 82 0 8 64 0 58 20 0 1 0 0 0 16 42 20 0 0 0 0 0 14 0 0 0 0 0 0 60 0 0 16 0 0 0 0 90 91 0 0 81 53 59 3 52 0 2 0 0 91 75 95 0 0 0 0 66 57 0 0 79 0 24 0 59 22 0 29 40 0 0 0 0 56 0 0 35 0 0 0 88 0 42 82 0 45 0 0 0 0 41 39 28 38 17 0
0 68 0 14 0 65 0 17 87 0 58 0 79 0 0 89 88 0 2 0 44 0 98 65 98 0 0 0 15 0 0 0 0 0 0 0 89 66 0 0 0 57 15 0 93 0 94 0 0 30 0 0 0 0 56 6 52 0 45 0 70 10 7 0 0 0 18 16 60 52 25 88 0 40 0 0 0 0 0 0 0 0 0 63 0 29 0 93 0 0 66 13 0 0 0 36 0 0 0 79
29 95 0 0 0 0 29 51 0 0 0 56 0 71 0 61 67 78 0 0 22 89 0 33 0 0 0 21 0 58 0 37 75 96 34 0 0 0 0 0 47 97 0 0 0 83 0 68 14 38 0 0 0 0 0 0 0 0 4 8 24 79 0 0 0 54 7 21 0 61 39 0 0 0 0 81 50 0 0 0 0 0 63 49 0 23 0 0 0 0 95 0 20 45 47 0 0 41 0 79
78 0 0 0 0 0 0 40 0 0 83 25 0 0 0 43 0 0 0 12 0 0 0 35 0 0 20 0 0 26 0 99 0 64 0 0 0 0 6 0 0 30 0 0 0 0 0 0 12 49 0 0 0 0 0 0 0 0 0 0 0 0 0 38 0 19 0 49 94 0 93 88 29 68 0 69 59 0 12 0 10 0 90 0 0 0 0 93 0 21 72 0 81 79 0 0 0 0 0 0
41 21 74 0 0 0 0 11 0 0 0 0 0 29 0 0 0 44 63 46 45 0 0 0 64 11 6 88 0 0 5 78 0 5 0 98 4 49 43 0 0 0 0 0 0 0 0 0 0 74 0 51 0 19 61 0 0 0 66 28 60 6 0 50 0 0 0 78 97 0 0 0 51 99 7 65 0 0 0 93 0 0 34 67 47 0 0 0 24 13 0 0 0 60 89 99 28 0 0 0
54 79 0 97 5 93 0 8 0 0 0 71 70 52 69 6 80 0 0 34 62 26 0 0 41 0 33 0 2 0 45 0 0 48 0 51 0 0 0 70 0 0 0 17 11 76 0 0 0 0 5 82 0 0 0 77 0 0 0 0 3 19 0 0 0 0 0 0 0 0 0 0 29 54 0 0 0 89 0 0 0 38 0 0 0 92 0 91 0 0 83 76 86 70 0 71 0 0 0 91
0 0 0 0 93 0 74 71 48 0 0 0 0 0 0 55 69 0 0 26 98 0 36 37 0 0 0 60 0 0 25 0 0 69 68 0 0 0 98 0 35 4 84 0 99 0 0 0 0 0 41 55 90 0 97 39 0 16 0 0 66 0 0 0 12 0 0 0 0 87 44 26 3 0 0 84 62 65 0 0 12 0 64 0 0 0 13 0 52 0 37 86 0 0 59 0 0 34 0 0
93 0 0 0 32 0 0 0 24 0 0 34 46 22 0 79 0 53 27 0 72 0 0 0 100 0 23 3 0 0 88 0 0 0 0 0 20 0 20 0 0 0 40 0 13 34 0 8 36 14 0 31 93 0 56 84 75 46 0 0 0 0 60 88 0 0 0 0 71 1 0 11 15 0 0 0 0 0 0 60 0 0 0 0 0 0 0 0 0 0 0 0 49 32 98 0 0 0 64 0
76 40 30 97 0 62 49 0 0 43 0 0 0 73 40 0 0 45 22 24 20 0 52 0 0 0 0 89 0 0 20 0 0 20 0 37 32 44 37 28 77 0 48 0 0 0 0 0 0 0 58 26 0 0 84 0 0 0 0 0 0 54 37 0 69 0 0 90 0 0 37 6 0 0 0 56 46 23 0 32 0 0 0 0 0 22 77 0 0 0 0 67 27 0 0 0 9 79 0 45
0 46 8 0 6 0 0 0 14 52 4 0 0 84 1 77 18 100 0 96 63 68 36 0 0 0 40 90 0 0 0 0 27 49 0 0 42 0 0 0 0 0 0 41 5 88 0 0 1 100 62 0 0 87 56 19 28 41 25 0 0 12 9 65 0 0 0 80 0 9 77 0 75 0 0 0 30 0 1 99 0 0 0 43 10 0 0 4 55 0 0 0 22 0 0 48 0 0 0 0
0 80 74 0 0 0 6 0 20 63 0 45 45 8 64 18 0 67 0 13 0 45 10 0 0 0 0 82 0 21 0 0 0 0 0 0 0 67 53 0 0 0 0 0 0 0 79 0 0 0 45 0 63 0 0 0 5 0 0 0 0 0 40 0 0 0 25 0 20 0 0 54 0 0 42 0 6 0 0 52 0 34 0 0 0 0 19 0 0 0 90 0 62 0 0 0 96 18 23 36
88 69 0 0 0 0 0 0 0 86 0 0 42 0 0 0 0 0 0 49 0 0 0 0 97 0 0 0 0 100 0 0 0 20 54 0 0 76 0 0 0 0 58 0 0 0 2 34 74 0 58 0 53 0 0 59 0 0 0 0 59 53 92 0 0 0 0 0 0 53 0 0 40 1 0 71 0 85 39 39 1 0 95 70 0 0 0 0 0 0 66 0 73 96 34 8 0 30 0 0
96 37 71 0 0 56 0 10 0 32 40 55 15 46 89 0 0 57 69 0 11 21 0 0 11 0 0 0 0 0 75 0 0 87 51 0 0 0 0 47 61 0 0 63 0 7 0 14 0 42 0 0 0 34 96 0 62 86 0 66 39 97 88 0 0 66 0 46 0 0 0 62 0 39 82 94 32 67 78 0 0 0 0 0 0 35 85 0 0 0 0 0 69 66 13 57 0 0 0 0
0 70 34 0 0 0 0 23 0 0 84 68 0 0 5 0 0 0 85 0 0 0 0 2 0 0 67 41 0 42 0 13 35 27 89 0 0 0 0 0 81 0 79 0 0 0 0 0 0 0 0 27 76 0 0 0 76 74 0 63 0 79 0 0 40 61 0 0 0 0 0 0 0 49 16 63 0 0 0 0 10 92 0 0 6 0 0 17 0 0 0 92 0 89 0 0 0 0 69 0
40 0 0 96 65 0 0 0 17 0 61 43 100 0 49 50 0 2 0 0 0 0 0 59 0 4 0 0 31 0 24 0 25 0 0 0 41 0 0 97 0 0 0 0 0 37 13 80 0 0 0 98 2 0 0 0 47 0 40 52 45 0 0 0 0 0 0 0 0 0 0 0 0 0 0 1 0 0 66 0 0 0 0 0 13 76 0 85 21 12 0 0 0 0 89 57 0 75 93 0
54 65 0 70 67 0 86 0 0 0 0 54 21 41 0 94 35 0 91 0 82 58 1 52 0 0 64 0 18 30 33 0 0 0 50 95 44 93 57 0 51 18 0 0 16 98 0 95 0 22 0 33 0 0 56 97 43 0 0 0 0 0 25 85 54 74 0 2 18 33 0 66 43 0 99 0 61 0 81 0 0 41 0 94 22 0 83 24 0 0 0 32 0 0 0 0 0 0 27 3
